1.000000000000000000e+00 -4.400000000000000022e-01 -1.120000000000000107e+00 1.620000000000000107e+00 5.489000000000000057e+01
1.000000000000000000e+00 2.600000000000000089e-01 -4.600000000000000200e-01 4.400000000000000022e-01 1.530000000000000071e+01
1.000000000000000000e+00 -1.750000000000000000e+00 3.400000000000000244e-01 1.149999999999999911e+00 7.118000000000000682e+01
1.000000000000000000e+00 1.799999999999999933e-01 9.399999999999999467e-01 7.299999999999999822e-01 1.109599999999999937e+02
1.000000000000000000e+00 -1.000000000000000056e-01 -5.300000000000000266e-01 1.030000000000000027e+00 4.964000000000000057e+01
1.000000000000000000e+00 1.360000000000000098e+00 -3.300000000000000155e-01 5.999999999999999778e-02 1.616000000000000014e+01
1.000000000000000000e+00 -2.500000000000000000e-01 9.799999999999999822e-01 5.100000000000000089e-01 8.820999999999999375e+01
1.000000000000000000e+00 -5.799999999999999600e-01 8.199999999999999512e-01 6.700000000000000400e-01 8.412999999999999545e+01
1.000000000000000000e+00 1.540000000000000036e+00 -2.500000000000000000e-01 -8.399999999999999689e-01 -4.539000000000000057e+01
1.000000000000000000e+00 2.200000000000000011e-01 -1.070000000000000062e+00 -1.900000000000000022e-01 -6.737000000000000455e+01
